n = 6 m = 2 : accepted seeds = 169 
  best seed 59 
    rho  gini o_bar w_star
1 0.397 0.288     1  0.282
2 0.397 0.288     1  0.282
    rho  gini  o_bar w_star
1 0.397 0.288 -0.667      0
2 0.397 0.288 -0.667      0
  XA:
     i j k
[1,] 1 0 1
[2,] 1 1 1
[3,] 0 1 0
[4,] 0 0 0
[5,] 0 0 0
[6,] 0 0 0
  XB:
     i j k
[1,] 1 0 0
[2,] 1 1 0
[3,] 0 0 1
[4,] 0 1 1
[5,] 0 0 0
[6,] 0 0 0
n = 7 m = 2 : accepted seeds = 127 
  best seed 443 
    rho  gini o_bar w_star
1 0.479 0.379     1  0.297
2 0.479 0.379     1  0.297
    rho  gini  o_bar w_star
1 0.479 0.379 -0.598      0
2 0.479 0.379 -0.598      0
  XA:
     i j k
[1,] 1 1 1
[2,] 1 0 1
[3,] 0 1 0
[4,] 0 0 0
[5,] 0 0 0
[6,] 0 0 0
[7,] 0 0 0
  XB:
     i j k
[1,] 1 1 0
[2,] 1 0 0
[3,] 0 0 1
[4,] 0 1 1
[5,] 0 0 0
[6,] 0 0 0
[7,] 0 0 0
